# Created by Octave 6.2.0, Sun Aug 08 15:17:33 2021 CEST
# name: d
# type: matrix
# rows: 46
# columns: 46
 4.5464871341284088 3.0491353651226447 1.4302241912125031 -0.24570550786785636 -1.9118397037180896 -3.5017548837401464 -4.9520661469740324 -6.2049541600764604 -7.2104702316817884 -7.9285276091045711 -8.3304996106680491 -8.4003608811658914 -8.1353262722033328 -7.5459618772746424 -6.6557637949587267 -5.5002214136150283 -4.1254025614628649 -2.5861169276457776 -0.94373097288734764 0.7362785576448152 2.3869349855450119 3.9424318479804588 5.3407563937000493 6.5261618357342162 7.4513897998722474 8.0795543669096368 8.3856125978465315 8.3573629168380705 7.9959315495190371 7.3157276239418074 6.3438687241115375 5.1190997974863457 3.6902485161889342 2.1142786718036706 0.45401920876576363 -1.2243405673851628 -2.8538897487445247 -4.3696633517913455 -5.7112322662723418 -6.8251123731326668 -7.6668967875637577 -8.2030262213665814 -8.4121268858696716 -8.2858625974345994 -7.829267114791266 -7.0605434589622993
 5.0358286730732571 3.3773159027557549 1.5841602051320158 -0.27215096076372869 -2.1176123266758409 -3.8786511716355134 -5.48506043417364 -6.8727976463103957 -7.9865381046558968 -8.7818804917471667 -9.2271170164589158 -9.3044975035759876 -9.0109370372652702 -8.3581389469349574 -7.3721282324230106 -6.0922140293802904 -4.5694224780792716 -2.8644624722237038 -1.0453053869346327 0.81552472547963917 2.6438424406261123 4.366758500792109 5.9155856796348338 7.2285771251406237 8.2533880117612703 8.9491623634249677 9.2881618523738254 9.2568716387581969 8.8565391646529594 8.1031244224785119 7.0266636804676494 5.6700720314360309 4.0874325034580457 2.3418399402063401 0.50288560864188525 -1.356117185191807 -3.161055866327148 -4.8399732253606675 -6.3259361253177824 -7.5597039146042846 -8.4920901648407376 -9.0859235785451791 -9.3175298914628986 -9.1776756907738601 -8.6719365221240796 -7.8204746102153964
 5.3244076142990071 3.5708535130826276 1.6749407507795255 -0.28774661367597087 -2.2389624286811523 -4.1009178771093335 -5.7993826709718768 -7.2666443787530799 -8.4442079063757731 -9.2851275120102397 -9.7558783846551052 -9.8376931725582981 -9.5273101783076104 -8.8371033924136437 -7.7945891813565185 -6.4413292968872584 -4.8312739401411289 -3.0286109373681187 -1.1052067738567333 0.86225849604668059 2.7953482407267281 4.6169962722804874 6.2545792322326852 7.6428118556618898 8.7263496886933485 9.4619954972254554 9.8204214043366349 9.7873381001887161 9.3640645117176717 8.5674752211787979 7.4293277298030089 5.9949963864393503 4.3216634554534377 2.4760394402962609 0.53170354624876137 -1.4338296903001002 -3.3422006618079347 -5.1173286398535867 -6.6884448736926245 -7.9929139170258523 -8.9787307055856989 -9.6065938349370601 -9.8514723834493658 -9.7036038161523823 -9.1688831861979878 -8.2686281176939449
 5.4007192260824972 3.6220324623227773 1.6989466942746432 -0.29187071713790042 -2.271052164109463 -4.1596939280175143 -5.8825018216887726 -7.3707929310372577 -8.5652337861074237 -9.4182057992837098 -9.895703668109622 -9.9786910593867297 -9.6638595277066663 -8.9637604127291741 -7.9063044568778853 -6.5336490921173604 -4.9005177561761055 -3.0720182417741504 -1.1210470543868225 0.87461674139037293 2.8354123277010475 4.6831689721673051 6.3442224483075442 7.7523517957854091 8.8514193411260766 9.5976087296050103 9.9611717450403461 9.9276142772961116 9.4982741567145546 8.6902678190421661 7.5358079271505023 6.0809191538204166 4.3836033232775655 2.5115270614958591 0.53932414135426632 -1.4543799303673663 -3.3901024638265227 -5.1906723101398935 -6.7843064315616708 -8.107471664674037 -9.1074175871221659 -9.7442795104898909 -9.9926677596265421 -9.8426798788734953 -9.3002954117222405 -8.3871375152849463
 5.2617212052771389 3.5288124072745131 1.655220994405354 -0.28435885615885137 -2.2126022164742625 -4.0526361086889011 -5.7311041880828952 -7.181091229043119 -8.3447908239451944 -9.1758099422068042 -9.6410184740153344 -9.7218700232579938 -9.4151412938082899 -8.7330605921709132 -7.7028203234900126 -6.3654929161667368 -4.7743933937503824 -2.9929538731948009 -1.0921947265270615 0.85210677726756157 2.7624374728309409 4.5626385037281034 6.1809415357200308 7.552829933771732 8.6236108366970772 9.3505955889409638 9.7048016025644888 9.6721078015661845 9.2538175846206041 8.4666068626862554 7.3418592430595764 5.9244148639887184 4.2707827598628381 2.4468880243355713 0.52544358487972254 -1.4169486321721558 -3.3028515786993085 -5.0570802555346077 -6.6096991011213193 -7.8988101016579835 -8.873020469578222 -9.4934915118116532 -9.7354870059140168 -9.5893593551964038 -9.0609342079604502 -8.1712782072844785
 4.9129549643388195 3.2949097373597147 1.5455068568410211 -0.2655105049310103 -2.0659428007382901 -3.7840124765396417 -5.3512255160432476 -6.7051020809908346 -7.7916673851424996 -8.5676034986768173 -9.0019762973551742 -9.0774687084368981 -8.7910710877222371 -8.1542012045691319 -7.1922490514597603 -5.9435646251230381 -4.4579290331854331 -2.7945698785032853 -1.0198000415404334 0.79562600491352342 2.579332953294609 4.2602100363836666 5.7712459891922929 7.052200576631698 8.0520061815866235 8.7308037096565485 9.061531645466804 9.0310049098889813 8.6404405075378872 7.9054090086380118 6.8552137995244742 5.5317228491019996 3.9876995650467251 2.2846992832467019 0.49061525080914081 -1.3230280634522198 -3.0839264238802251 -4.721878369680736 -6.1715839256309346 -7.3752479060255025 -8.2848840263474628 -8.8642279650023532 -9.0901831073815131 -8.9537413350009771 -8.4603421507586383 -7.6296558231190836
 4.3683247126982323 2.929649413905326 1.3741782380233525 -0.23607708773841929 -1.836920764996389 -3.3645322080926339 -4.7580103694475797 -5.9618016721426308 -6.9279147557224547 -7.6178337402908678 -8.0040537330983792 -8.0711773618194176 -7.8165286191977366 -7.2502595470110869 -6.394945506202153 -5.2846851684784575 -3.9637411098759401 -2.4847752015310571 -0.90674914706271581 0.70742613448662994 2.2933985684662401 3.7879404387587985 5.1314690772953337 6.2704222370071836 7.1593934495911729 7.7629422381124593 8.0570070169810428 8.0298643514385049 7.682596333906389 7.0290474443761024 6.0952726146804368 4.9184985005824817 3.5456393724858639 2.0314267915202939 0.43622763491475169 -1.1763625408989282 -2.7420548544336318 -4.198430093976552 -5.4874271745849317 -6.5576578503204104 -7.3664554014496266 -7.8815756219173263 -8.0824822940893064 -7.9611659029437476 -7.5224629501596043 -6.7838631380571641
 3.6495431398081428 2.447593213361869 1.1480654693258872 -0.19723202204202794 -1.5346664950927633 -2.8109186579043262 -3.9751083641920153 -4.9808230441792025 -5.7879680272909964 -6.3643649901440158 -6.6870348047551094 -6.7431136438592176 -6.5303658211082647 -6.0572729208307585 -5.3426956640297796 -4.4151219909550576 -3.3115313368240824 -2.0759203784353635 -0.75754902550400749 0.59102341649001511 1.9160336199508117 3.1646576093779073 4.2871166865736887 5.2386619502548086 5.9813582935330212 6.4855967569156618 6.7312749440841575 6.7085984409984487 6.4184712882767192 5.8724599399488095 5.0923321454341108 4.1091891380643011 2.9622257270560501 1.6971677241539129 0.36444899981221751 -0.98279915606666046 -2.290866210995242 -3.5076036593378279 -4.5845040186660393 -5.4786346700090522 -6.1543494458902668 -6.5847097305365834 -6.7525584174795572 -6.651203909247938 -6.284686890242269 -5.6676192373989789
 2.7852657987332634 1.8679591952287056 0.87618295329649087 -0.1505239380284582 -1.1712299149499661 -2.1452426511921452 -3.0337313326359512 -3.8012747193403875 -4.4172732786007662 -4.8571690917552415 -5.1034249009048587 -5.1462232640439618 -4.9838579454922414 -4.6228019381269645 -4.0774494055836632 -3.3695418323754094 -2.5273012595144828 -1.5843051607970284 -0.57814781488264488 0.4510584599601864 1.4622824574016771 2.4152098677657041 3.2718504823373857 3.9980527430995298 4.5648652575793038 4.9496909995047211 5.1371881809330722 5.1198818809223763 4.8984620470408737 4.4817559893347285 3.8863764633326792 3.1360593719076824 2.2607174897323521 1.2952479353479751 0.27814093317249522 -0.750054670284097 -1.7483479609708465 -2.676940135684732 -3.4988111547619614 -4.1811956142358984 -4.696888999096009 -5.0253322414525057 -5.153431345695215 -5.0760794047780857 -4.7963601964873117 -4.3254252429524485
 1.8099486996773817 1.2138555386678853 0.56936978787436121 -0.097814939611448382 -0.7611000941278403 -1.3940425896815902 -1.971409006340517 -2.4701815670575162 -2.8704757838046326 -3.1563331893616082 -3.3163575510440939 -3.3441692025378837 -3.2386593810626612 -3.0040344302451487 -2.6496481064725925 -2.1896286741430915 -1.6423156563483561 -1.02952869596176 -0.37569767533284348 0.29311122602902617 0.95023470777507435 1.5694753303611555 2.1261459242915457 2.5980537896618818 2.9663854490712325 3.2164566815967124 3.3382979363429417 3.3270517869754985 3.1831665819803874 2.9123785704247416 2.5254832158083032 2.0379048150007315 1.469081580199608 0.84169069875093472 0.18074426525165627 -0.48740787173169103 -1.1361285949735787 -1.7395554563949813 -2.2736317312545982 -2.7170654838489168 -3.0521784097981328 -3.2656106142546442 -3.3488532287510333 -3.2985876329345927 -3.1168177574882612 -2.8107901937380753
 0.76247465758876731 0.51135929232303567 0.23985764575994617 -0.041206368225021502 -0.32062761434307169 -0.58726644927620986 -0.83049282410315262 -1.0406100708047603 -1.2092414778183542 -1.32966424309348 -1.3970774909946293 -1.4087936680627888 -1.3643456872907858 -1.2655055494082859 -1.1162136988045719 -0.92242193044553711 -0.69185611059036622 -0.43370817088416663 -0.15826965505009419 0.12347857248204987 0.40030409898850039 0.6611707643009137 0.89567863768564904 1.094478630263245 1.249645213679287 1.3549923859094464 1.4063202876391343 1.401582637400947 1.3409683103593617 1.226893808453956 1.0639069220927921 0.85850542410022568 0.61887802401931191 0.35457791010328776 0.076141893846745329 -0.20532965943782494 -0.47861536715581876 -0.73282019054344272 -0.95780978548193796 -1.1446145268168288 -1.2857870990075453 -1.3756993970966578 -1.4107669014940152 -1.3895915814612056 -1.31301763018535 -1.1840978094607406
 -0.31539684296999038 -0.21152323531917194 -0.099216863776346712 0.017044971028322566 0.13262727662660898 0.24292215123536617 0.3435324862595468 0.43044726513600867 0.50020146990639236 0.5500142205486247 0.57789963988782489 0.58274602425246824 0.56436016359158636 0.52347504414979074 0.46172062661877 0.38155886474815265 0.286185555018652 0.17940293032130072 0.065468076930724317 -0.051076782090617501 -0.16558537099211193 -0.27349259368700607 -0.3704965297273865 -0.45272993829694497 -0.51691443289854011 -0.56049118027829148 -0.58172291303254731 -0.57976318897700208 -0.55469013612548368 -0.50750333797258851 -0.44008398325412029 -0.35511986888862712 -0.25599824599609411 -0.14667078088487739 -0.031496014586194686 0.084934398422617588 0.19797874499231341 0.30313030375722427 0.39619701389432432 0.47346859935943342 0.53186448588464741 0.56905661375308259 0.58356225019316987 0.57480310125522671 0.54312836656631525 0.48980081784307766
 -1.3806944666918273 -0.92597299906937269 -0.43433591005079569 0.074616781075283911 0.58059473660676042 1.0634262121623657 1.5038622404745274 1.8843440269706999 2.1897029635029877 2.4077653528876968 2.5298377357957227 2.5510534715422004 2.4705667556930448 2.2915863396186427 2.0212476077025152 1.6703281120829594 1.2528179056598197 0.78536180283354251 0.28659580328077844 -0.22359586654343849 -0.7248734747661234 -1.1972526650204123 -1.6219011696696004 -1.9818895928891718 -2.2628663322545242 -2.4536297318405338 -2.5465746568944283 -2.5379956865589781 -2.4282348373089526 -2.2216679278335598 -1.926530128954008 -1.5545876533504401 -1.1206686737928164 -0.64207217068557654 -0.13787827630900465 0.37181238984394371 0.86668006933565966 1.3269959494300805 1.7344086885985965 2.0726760265958006 2.3283123121200608 2.4911261331744754 2.5546266165023241 2.5162821982206913 2.3776215492836537 2.144172632195354
 -2.3909481590600019 -1.6035071414234492 -0.75213935421774192 0.12921385552764256 1.0054157166110396 1.8415348258459197 2.6042377528735154 3.2631179388415044 3.791907909952001 4.1695264787500808 4.3809191845420683 4.4176584672362953 4.2782796475692511 3.9683393192457661 3.5001938250828273 2.8925066486141802 2.1695043598978478 1.3600107786192939 0.49629785935938364 -0.38720088939473157 -1.2552631605717355 -2.0732820507487157 -2.8086457281821948 -3.4320375636271763 -3.9186048918311629 -4.2489498088706554 -4.4099025053669614 -4.3950463052263746 -4.2049734782670498 -3.8472616282903669 -3.3361715979298778 -2.6920789338581952 -1.9406615780399208 -1.1118761692169428 -0.23876376625543572 0.64386739460403686 1.5008295942817051 2.2979584541770302 3.0034749621315577 3.5892524013592202 4.031937673885623 4.3138823148693 4.4238460812019911 4.3574450645307481 4.1173264638497242 3.7130630500300144
 -3.3058822933996801 -2.2171145142083719 -1.0399573758450127 0.17865958131801471 1.3901539447668028 2.5462272573221907 3.6007905242128979 4.5118016358548205 5.2429414540885997 5.7650617416063739 6.0573472101906569 6.1081453605691234 5.9154310307890192 5.4868871330334414 4.8395983601574324 3.9993700728977197 2.9996995215736568 1.8804404164236863 0.68621408594379174 -0.53536943466892128 -1.7356094653773209 -2.8666562237335196 -3.8834184447062943 -4.7453610271241891 -5.418121040243312 -5.8748776653575909 -6.0974214572026053 -6.0768802970750366 -5.8140730962077924 -5.3194771483633696 -4.612810433194559 -3.7222455226193611 -2.6832864292823233 -1.537353173609781 -0.33013049830389762 0.89025343818232627 2.0751457794454011 3.1773086069831846 4.1528021669376622 4.9627366094213814 5.5748224041084598 5.9646576219131457 6.116700762897727 6.0248903468310298 5.6928865652771101 5.1339253613080071
 -4.0890213330163565 -2.742332527821242 -1.2863155786726164 0.22098271339414874 1.719471122029165 3.1494096431337795 4.453791140303494 5.5806140394599932 6.4849554675091925 7.1307621855291723 7.4922879176334263 7.5551197737433782 7.3167528460333084 6.7866900717006837 5.9860633808483286 4.946791233116909 3.7103061294235573 2.325902828898148 0.84877312239539149 -0.66219449003880781 -2.1467624978306992 -3.5457458593348976 -4.803371522675512 -5.8695019213224287 -6.7016338006506171 -7.2665926885752565 -7.5418554570656653 -7.5164482481840214 -7.1913839671713529 -6.5796219011119783 -5.7055510730528525 -4.6040179286186858 -3.3189371181892202 -1.9015407583692774 -0.40833596917201354 1.1011478865374664 2.5667324508837948 3.9299894922060332 5.1365702542730149 6.1383721696868978 6.8954565574488953 7.3776408521368868 7.5657018875421773 7.4521422636440873 7.0414892442893064 6.3501142694689801
 -4.7091439957386676 -3.1582223974806016 -1.4813924385820831 0.25449596203853597 1.980238411761126 3.6270350050104687 5.1292331583808775 6.4269449719578695 7.4684347709005694 8.2121816435362476 8.6285347490818971 8.7008954030976184 8.4263788146550453 7.8159290938482027 6.8938829446601604 5.6969994373741715 4.2729945404414025 2.6786388353952573 0.97749425291556191 -0.76261994076640016 -2.4723308839963791 -4.0834777967726934 -5.5318293359510351 -6.7596442962019445 -7.7179735696543794 -8.3686115923586915 -8.6856194795566779 -8.656359127161986 -8.2819970530882117 -7.5774578918608366 -6.5708293965361104 -5.3022426686227151 -3.8222722577056416 -2.1899199137514538 -0.47026237352790684 1.2681430435294554 2.9559915992980867 4.5259940981736282 5.9155594949552812 7.0692902023005324 7.9411906177153222 8.4965008230779375 8.7130823528832479 8.5823007850004611 8.1093699678359563 7.3131441606505954
 -5.1415279479140938 -3.4482039064995069 -1.617410856769451 0.27786325978489612 2.1620598450198387 3.9600619270082218 5.6001888366648434 7.0170538898214527 8.1541711479849219 8.9662073344532907 9.4207891290004362 9.4997937899935643 9.2000716509125073 8.533571687614522 7.5268651503740402 6.2200862519846565 4.6653321433458705 2.9245859644588084 1.0672457722334803 -0.83264214104202439 -2.6993352397083865 -4.4584143606125153 -6.039750570299125 -7.380300984282985 -8.4266220879100189 -9.1370003606357937 -9.4831152624550104 -9.4511682844608664 -9.042433051851468 -8.2732045485123393 -7.1741494874307001 -5.7890837256230663 -4.1732254641849478 -2.3909938728642706 -0.51344090104997697 1.3845813392327133 3.2274046908192746 4.9415616020473347 6.4587140462011563 7.7183779429837021 8.670334467929564 9.276632118461686 9.513099720536216 9.3703100570751197 8.8539557013617429 7.984622072107995
 -5.3689354058358685 -3.6007164072029427 -1.6889482081325298 0.29015302621185407 2.2576867750319916 4.135213676674212 5.847882658448798 7.3274150126918993 8.5148264533741749 9.3627786334491088 9.8374663753649578 9.9199653768153251 9.6069866629530392 8.9110077074383458 7.8597749949390145 6.495197856345742 4.8716776760020615 3.0539390801840853 1.1144495705012383 -0.8694695267085224 -2.8187256176581519 -4.6556080132348168 -6.3068860089444652 -7.7067283620072002 -8.7993277752644019 -9.5411257580063342 -9.9025491655399822 -9.8691891871444923 -9.4423757798849923 -8.6391246474213261 -7.4914588775992978 -6.0451322829929346 -4.3578053407816961 -2.496746451483471 -0.53615016010364214 1.445820746239842 3.3701513419819462 5.1601246388468027 6.7443800500757698 8.059758311830187 9.0538194437300596 9.6869333653878478 9.9338598226535542 9.7847546368975014 9.2455621613471521 8.3377782984824567
 -5.3823003517823809 -3.6096797074688913 -1.6931525242216403 0.29087530711456777 2.263306857866227 4.1455075064725664 5.8624398527012662 7.3456552220015219 8.5360224981560844 9.3860854942858385 9.8619548812639994 9.9446592483244345 9.6309014333411618 8.9331899702775335 7.8793404134100449 6.5113664189564249 4.8838047931839581 3.0615412820444838 1.1172237812421 -0.87163390611490688 -2.825742300234944 -4.6671972659901027 -6.3225858049428938 -7.7259127999258839 -8.8212320321035183 -9.5648765801685869 -9.927199682695818 -9.8937566609641099 -9.4658807827143523 -8.6606301089719473 -7.5101074429835641 -6.0601804927579277 -4.3686532702914587 -2.502961628021068 -0.53748480419364375 1.4494198426455909 3.3785406942673539 5.1729697900103826 6.7611689044758467 8.0798215508221247 9.0763572092884619 9.7110471479219331 9.9585882817491296 9.809111926925592 9.2685772340182098 8.3585336154773486
 -5.1810899675342714 -3.4747364688010784 -1.6298561922217965 0.28000130743273516 2.1786960385551426 3.9905330338932816 5.6432800700252903 7.0710473381654566 8.2169142629131873 9.0351987459709751 9.4932783672453169 9.5728909377898415 9.270862555648927 8.5992341393128662 7.5847813942949402 6.2679473502482654 4.7012300249988472 2.9470894942419639 1.0754578054283559 -0.83904899228433938 -2.7201055544468487 -4.4927200919430215 -6.0862240569715231 -7.4370894750392136 -8.4914616048300733 -9.2073059567930002 -9.5560840755927181 -9.5238912782656797 -9.1120109900510666 -8.3368635782765868 -7.2293517241305825 -5.83362843028209 -4.2053367799973005 -2.409391623001631 -0.51739162527182647 1.3952351438338686 3.2522382906740104 4.9795849598964006 6.5084112907567526 7.7777678019341225 8.7370492550139929 9.3480121256497526 9.5862992521939674 9.4424108788698433 8.9220833810557849 8.0460605741012774
 -4.7733258761554236 -3.2012664522871748 -1.5015826371467051 0.25796453921878043 2.007227483459789 3.6764686021078652 5.1991405193574707 6.5145391109369575 7.5702235859803455 8.3241071358726622 8.7461348024968135 8.8194816745698112 8.5412236437615405 7.9224539796663365 6.9878410761510814 5.7746450003373662 4.3312320513062712 2.7151465483827106 0.99081672071554105 -0.77301384290360264 -2.5060267839924077 -4.1391323454282682 -5.6072237620393413 -6.8517728618757108 -7.8231633997286965 -8.4826691002541974 -8.803997552362862 -8.7743384046796731 -8.3948740738279124 -7.6807326052096965 -6.6603845655751144 -5.3745080113699553 -3.8743667829922623 -2.2197667772480583 -0.47667167497411017 1.2854268227565933 2.9962794094628991 4.5876797914203813 5.996183857354688 7.1656389949486163 8.0494227182954035 8.6123013592860307 8.8318347227704592 8.6992707063241621 8.2198942189529038 7.4128164884481968
 -4.1752643451951128 -2.800172044501049 -1.3134457208465999 0.22564353888035071 1.7557371027715032 3.2158349689239762 4.5477276430195328 5.6983167671723614 6.6217319838964332 7.2811596425061831 7.6503104431971556 7.7144675084685144 7.4710730985872162 6.9298305805997558 6.1123175857087571 5.0511257772090898 3.7885615237212296 2.3749592777798405 0.86667490005076719 -0.67616107099254275 -2.1920406338850142 -3.620530454088728 -4.9046811503324586 -5.993297686728825 -6.8429803572998393 -7.4198549952985537 -7.7009234293411559 -7.6749803479250946 -7.3430600198383029 -6.7183950611264365 -5.8258888924490728 -4.7011229182852885 -3.3889380086207139 -1.9416468349647418 -0.41694832921963121 1.1243725906549205 2.6208683235029495 4.0128783069211877 5.2449074956122574 6.2678387737159671 7.0408910992206479 7.5332453154161163 7.7252728134162227 7.6093180628535233 7.1900038137165714 6.4840468018958326
 -3.410748200600429 -2.2874436137545366 -1.0729458684739948 0.18432684270612443 1.4342510243445377 2.6269961436831686 3.715011216738866 4.6549205159790077 5.4092528236981972 5.9479352912209222 6.2494923484778822 6.3019018672145606 6.1030744453067287 5.6609367046296386 4.9931152816577615 4.1262341090926231 3.0948530036826587 1.9400898753892792 0.70798148607176992 -0.55235189093065762 -1.7906647410888556 -2.9575894387892032 -4.00660437877821 -4.8958886457565844 -5.5899892822986832 -6.0612346863867907 -6.2908377908607873 -6.2696450444997831 -5.9985013352236169 -5.4882163070776748 -4.7591334138366124 -3.840318889699831 -2.7684029702577675 -1.5861195605922862 -0.34060256933570432 0.91849317152672483 2.1409714881131956 3.2780960276948261 4.2845332232824767 5.1201595998842864 5.7516613708366728 6.1538625533508426 6.3107286554991751 6.2160059208086329 5.8734706457964467 5.296778630944794
 -2.5102562884861586 -1.6835220245733749 -0.78967105020181394 0.13566161699019372 1.0555858836177898 1.933427272159427 2.7341890166426435 3.4259472732647045 3.9811238233034989 4.3775855296698953 4.5995267152383299 4.6380992853160983 4.4917654732569829 4.1663591463647363 3.6748532280135029 3.0368425081313335 2.2777624607606732 1.4278752119745832 0.52106308440786531 -0.40652218402455398 -1.3179006958348414 -2.1767386657783385 -2.9487969342133313 -3.6032959743480699 -4.1141429748435394 -4.4609720778609141 -4.6299563015454215 -4.6143587781593105 -4.4148013317391559 -4.0392396879337902 -3.5026463043284357 -2.8264134658090918 -2.037500441671404 -1.1673587046287301 -0.25067805984592478 0.67599632812257116 1.5757208757185917 2.4126264044744854 3.1533481319668639 3.7683558204031806 4.2331310540144766 4.529144710919736 4.644595660743251 4.5748812384421029 4.3227807380368528 3.8983446109295308
 -1.5096883797217471 -1.0124837249334382 -0.47491453910918868 0.081587990709852606 0.63483786480508464 1.1627787565772676 1.6443633286852695 2.0603923239671422 2.3942799792364093 2.6327152473209114 2.766192466508119 2.7893903212807594 2.7013839863741111 2.5056819966408543 2.2100863728383118 1.8263815796815595 1.3698647164232611 0.85873566977925753 0.3133715418782681 -0.24448572049632722 -0.79259610871403474 -1.3091081912589724 -1.7734302613482031 -2.1670512633002916 -2.4742787699103093 -2.6828645900021746 -2.7844930651594462 -2.7751125887848009 -2.6550971308694908 -2.4292313289899212 -2.1065197399062776 -1.6998278563000135 -1.225369200180058 -0.70205894092504428 -0.15075980717045101 0.4065496443459431 0.94765124448385563 1.4509729799906341 1.8964490015952018 2.26631958609706 2.5458391604862478 2.7238641614068952 2.7932972938626692 2.7513704779714803 2.5997552035751896 2.3444958932143143
 -0.44893395935500013 -0.30108089425755791 -0.14122468402177099 0.024261708705702559 0.18878086366932875 0.34577392133092349 0.48898206390176108 0.6126960346569692 0.71198374798454789 0.78288691607462446 0.82257885336333336 0.829477167566125 0.80330684466462288 0.74511121284768089 0.65721034830890401 0.54310858113023541 0.40735478870014008 0.25536104632694129 0.093186864875068887 -0.072702382811216812 -0.23569321592045375 -0.38928770428389592 -0.52736252034592845 -0.64441305691043649 -0.73577287845892114 -0.79779975720883245 -0.82802087724154694 -0.82523141786961896 -0.78954258603555927 -0.72237718284197028 -0.6264128809614945 -0.50547547427723949 -0.36438635555365062 -0.2087703027217771 -0.044831236733173595 0.12089510919083235 0.28180174861797819 0.43147384160456848 0.5639444341208284 0.6739323416782621 0.75705269348946902 0.80999174342917535 0.83063897863511638 0.81817125899575016 0.77308563314893353 0.69717952272126005
 0.62971804127819886 0.42232508155666709 0.19809535355733318 -0.034031811062294672 -0.2648022347684586 -0.4850158290061779 -0.68589337269737682 -0.85942651208083287 -0.99869702850481568 -1.0981526459730304 -1.1538283828673694 -1.163504623252803 -1.1267956059603059 -1.0451648036673276 -0.92186657886039569 -0.76181644267251503 -0.57139508896608437 -0.35819401620404923 -0.13071287836254217 0.10197936945094091 0.33060602161892272 0.54605245499259047 0.73972950015387073 0.90391586449544203 1.0320659557910399 1.1190708343017071 1.1614618900809948 1.1575491255076948 1.1074885301579016 1.0132758619928679 0.87866708278706773 0.7090286197848682 0.51112342318104154 0.29284134863822009 0.062884613639506995 -0.16957913246113848 -0.39528229368845619 -0.60522679725182726 -0.79104281831237022 -0.94532245848676266 -1.0619150753788114 -1.1361724892823097 -1.1651342914377443 -1.1476458661874305 -1.0844044218581803 -0.97793119526548389
 1.6832651707958286 1.12889428909309 0.5295179545161437 -0.090968589916828269 -0.70782850373780137 -1.2964695287967587 -1.8334244049887718 -2.2972864358591623 -2.6695629060384114 -2.9354123274468091 -3.084236122589167 -3.1101011563938008 -3.0119762715847531 -2.7937733976683825 -2.4641915946487463 -2.0363702489567159 -1.5273652475767043 -0.95746901365556691 -0.34940151162817923 0.27259552606759946 0.88372504036398414 1.4596232260566895 1.9773308398339613 2.4162085128553472 2.7587595772560709 2.9913276030808666 3.1046408370509488 3.0941818381085158 2.9603675735361223 2.7085327957869394 2.3487173627392313 1.8952659802453489 1.3662563239767391 0.78277833954232579 0.16809345291025415 -0.45329278923978156 -1.0566076783309422 -1.6177989536053952 -2.1144936898594198 -2.5268902353694433 -2.8385476412585406 -3.037041110245732 -3.1144573341048565 -3.067709972291675 -2.8986626946018474 -2.6140548825373355
 2.6697058298042426 1.7904580437553048 0.83983034561892922 -0.14427873815936362 -1.1226358839451283 -2.0562370797203946 -2.9078625919585437 -3.6435607989463508 -4.2340017348011552 -4.6556463826545462 -4.8916851009732394 -4.9327077709211178 -4.7770789481018756 -4.4310030625661723 -3.9082770677647014 -3.2297403995529366 -2.4224441736461984 -1.5185727430008318 -0.55416060922543064 0.43234415928486936 1.4016127305053634 2.3150034252053544 3.1361022387581663 3.8321745525945894 4.3754701601451753 4.7443295800053109 4.9240475511083872 4.9074592850793755 4.6952261037375527 4.2958090742824844 3.725131693245221 3.0059450669311021 2.1669208966066331 1.2415084282487729 0.26660093666303442 -0.71893509295954938 -1.6758094491567153 -2.5658745709385351 -3.3536463706624726 -4.0077188726311972 -4.5020162702363606 -4.816832486081088 -4.9396167910996613 -4.8654741625192734 -4.5973604329708282 -4.1459644507696263
 3.5497137421222797 2.3806418863300784 1.1166613510797974 -0.19183694840937168 -1.4926873141419552 -2.7340289471069097 -3.8663734736779691 -4.844577890900533 -5.6296442755624803 -6.1902745083275779 -6.5041180309864899 -6.5586628926813093 -6.3517345619025276 -5.8915826181981901 -5.1965518674703546 -4.2943509924541807 -3.2209478949770602 -2.0191357692160556 -0.73682707208779075 0.57485659521234111 1.8636225441262333 3.0780917432068367 4.1698471379659789 5.0953638860479886 5.8177445553438254 6.3081901081726865 6.5471480280337317 6.5250918167374188 6.2429007858257313 5.7118250011958258 4.9530367784743508 3.9967866096065015 2.8811971712031332 1.65074349372734 0.35447988237896488 -0.95591572325389829 -2.2282019855671318 -3.4116568662137898 -4.4590997537103148 -5.3287724055293832 -5.9860037174537339 -6.4045919510902856 -6.567849314495497 -6.4692672517788097 -6.1127759186870438 -5.51258749969712
 4.2882057693113822 2.8759170494467745 1.3489745923017804 -0.23174722490279601 -1.8032300115711544 -3.302823708099532 -4.670744246048903 -5.8524569502941057 -6.800850664426962 -7.4781159238944284 -7.8572523000356558 -7.9231448219679095 -7.6731665627776291 -7.1172833668067188 -6.2776565428876729 -5.1877593628944858 -3.8910425880240425 -2.4392022240640161 -0.8901185647782961 0.6944513127535854 2.2513356079138105 3.7184662568868609 5.0373533904966639 6.1554171407152207 7.0280838340755096 7.6205630033722489 7.9092343738017252 7.8825895287800938 7.541690714195699 6.9001284900176021 5.9834799175571156 4.8282888827463868 3.4806092067272121 1.9941686253333271 0.42822683381040194 -1.1547870102286186 -2.6917631403109645 -4.1214271683389159 -5.3867829010807142 -6.4373845985328559 -7.2313480863833099 -7.7370205458681536 -7.9342424117694401 -7.8151510706632763 -7.3844943185051033 -6.6594410809875058
 4.8557405646938712 3.2565384752830839 1.5275084734641831 -0.26241847086000408 -2.0418836188603726 -3.7399453105131468 -5.2889071847156677 -6.6270170195753337 -7.7009285986260547 -8.4678284561350363 -8.897142714875848 -8.9717559701319765 -8.688693626872098 -8.0592404874671146 -7.1084908622308474 -5.8743481384575365 -4.4060136919814417 -2.7620253835862756 -1.0079238392226535 0.78636044792318738 2.5492950255142062 4.2105972552036377 5.7040362596361041 6.9700733385241858 7.9582355887436487 8.6291280997045448 8.9560045041186136 8.9258332712600073 8.5398172329719646 7.8133456305569835 6.7753805942896417 5.4673025146778267 3.9412603368765815 2.2580925468102739 0.48490173272573656 -1.3076205832466643 -3.0480121930003894 -4.6668891751778903 -6.0997120131614686 -7.2893585819346391 -8.1884014269472694 -8.7609985470624689 -8.9843223020359311 -8.8494694784957382 -8.3618162329637347 -7.540803761460487
 5.2296923069374577 3.5073319887112788 1.6451454121213009 -0.28262792049339547 -2.1991337698019962 -4.027967095476507 -5.6962180840395771 -7.1373788330476184 -8.2939948112834081 -9.1199553896074708 -9.582332126231357 -9.6626915197800383 -9.3578298948214584 -8.6799011222962292 -7.6559320830369737 -6.3267451913178068 -4.74533093401977 -2.9747353071400715 -1.0855463708848077 0.84691987353798281 2.7456220952130068 4.5348650282634475 6.1433172032311587 7.5068547076645311 8.5711176041532227 9.2936770894900071 9.645726997162825 9.6132322083104835 9.1974881876212891 8.4150693372439989 7.2971682276776972 5.8883520484198346 4.2447858547608881 2.4319934442689908 0.52224512975320014 -1.4083234500460342 -3.2827466181135749 -5.0262970378229435 -6.5694648560318285 -7.8507288415758802 -8.8190090426137893 -9.4357031831150504 -9.6762256137887608 -9.5309874643363912 -9.0057789214511139 -8.1215383923463786
 5.3951527201518532 3.6182992437756747 1.6971955947537023 -0.29156988682069318 -2.2687113971095298 -4.1554065433284251 -5.8764387438084569 -7.363195875747655 -8.5564056240290345 -9.4084984813797252 -9.8855041945116611 -9.9684060509208408 -9.6538990152041642 -8.9545214903913202 -7.8981554513831833 -6.5269148785992108 -4.8954668064764357 -3.0688519213182937 -1.1198915943794518 0.87371527640502833 2.8324898762872159 4.6783420432405274 6.3376834762918755 7.7443614688601965 8.8422962084108931 9.5877165016114994 9.9509047936818771 9.9173819135241086 9.4884843125825178 8.6813107847419992 7.5280407913741962 6.0746515677607604 4.3790851558122448 2.5089384377038138 0.53876826149721146 -1.452880905113711 -3.3866082948685721 -5.1853222989675132 -6.7773138662373675 -8.0991153167109751 -9.0980305977436533 -9.7342361093400882 -9.982368345415507 -9.8325350567441419 -9.2907096237190281 -8.3784929165258593
 5.3455254198027289 3.5850163261942769 1.6815839448336825 -0.28888788186243436 -2.2478426603471222 -4.1171830454414788 -5.8223843350365012 -7.2954655347898765 -8.4776995458439721 -9.321954428933223 -9.794572406069209 -9.8767116899357905 -9.5650976464907007 -8.8721533442911227 -7.8255042859535529 -6.4668770665418158 -4.850435865897734 -3.0406230937158076 -1.1095902740284749 0.8656784083697987 2.8064352244325406 4.6353083243156439 6.2793863088695669 7.6731249770382384 8.7609603663184785 9.4995239126027595 9.8593714179727847 9.8261568979539131 9.4012045106448188 8.6014557667127125 7.4587941248250669 6.0187738987666082 4.3388041507036865 2.485859973040466 0.53381240283689435 -1.4395165833253265 -3.3554565859676333 -5.1376251232829979 -6.7149727596466757 -8.0246156224051397 -9.0143423834372669 -9.6446957600441152 -9.8905455522954657 -9.7420905047981492 -9.2052490518188819 -8.3014233679867893
 5.0827888897470022 3.4088101208607373 1.598932849578143 -0.2746888286927488 -2.1373595301943835 -3.9148204520551984 -5.5362098364228993 -6.9368880051328237 -8.061014339694065 -8.8637734705334559 -9.3131619243573542 -9.3912640016390743 -9.0949660190227473 -8.4360804420529387 -7.4408749594497543 -6.1490252732520823 -4.6120333537811895 -2.8911742186079077 -1.0550530909665741 0.82312967399905479 2.6684968563982188 4.4074794900615801 5.9707498250620095 7.2959852063278499 8.3303526812301101 9.0326152826797603 9.3747760168747991 9.3431940150934985 8.9391283520841096 8.1786878507278828 7.0921888741051289 5.7229467077679965 4.1255487159948308 2.3636781158367679 0.5075751282179195 -1.3687632780170285 -3.1905334117397373 -4.8851070466467981 -6.3849268794507852 -7.6301998263729676 -8.5712807847055963 -9.1706518263926515 -9.4044179194267556 -9.2632595473702128 -8.7528042490659068 -7.8934022664223953
 4.6174176063249233 3.0967054131308647 1.4525373473343073 -0.24953879875380813 -1.9416666204008235 -3.5563863211758 -5.0293241221515164 -6.301758641327087 -7.3229619298223021 -8.0522218351181891 -8.4604650661033141 -8.5314162534443074 -8.2622467972013034 -7.6636876341813762 -6.7596014293514592 -5.5860312466891271 -4.1897636259622528 -2.6264633510319464 -0.95845427058039345 0.74776535706186165 2.4241739396280844 4.0039383571445804 5.4240783875198604 6.6279775292538776 7.5676401226891308 8.205604785502139 8.5164378798004687 8.4877474710049903 8.1206773551765572 7.4298614594765162 6.4428404336708125 5.1989636913333479 3.7478206729010743 2.1472638711722825 0.46110243498283676 -1.2434417001964901 -2.898413738696175 -4.4378351679075223 -5.8003341133730979 -6.9315920417512356 -7.7865092693283389 -8.3310029440882367 -8.5433658214673898 -8.4151316636945097 -7.9514127619737138 -7.1706961255670008
 3.9679644540425274 2.6611448327984921 1.2482337647989152 -0.21444044437376925 -1.6685655897352243 -3.0561702904971395 -4.3219351260799863 -5.4153980468409957 -6.2929661367512075 -6.9196535253921549 -7.2704761642051405 -7.3314478616655423 -7.1001378686029319 -6.5857677844998239 -5.8088439214207437 -4.8003397820616307 -3.6004612439398831 -2.2570436779347305 -0.82364490300352511 0.64258999504865078 2.0832068578082157 3.4407728370863633 4.6611660613364485 5.6957333038811395 6.5032296335259066 7.0514627198098321 7.3185762396323293 7.2939212198835257 6.9784805783973933 6.3848299381194789 5.536636276704737 4.4677143988038894 3.2206788465107987 1.8452449920471425 0.39624704275786521 -1.06854802569631 -2.4907434563642603 -3.8136408054224753 -4.9845003302079824 -5.9566435563284674 -6.6913142011338653 -7.159223264403078 -7.3417166883559846 -7.2315190360708916 -6.8330235401955983 -6.1621169586254041
 3.1603210806133837 2.1194928057105815 0.99416704109041909 -0.17079302618250247 -1.3289441144700873 -2.4341143946394133 -3.4422442151866237 -4.3131426215041166 -5.0120896424108574 -5.5112204658381669 -5.7906363209543947 -5.8391977793637757 -5.6549688489640708 -5.245294155842311 -4.6265061372100016 -3.8232739186715086 -2.8676198340341141 -1.7976427959114583 -0.65599941230569991 0.51179659774284247 1.659188892506926 2.7404345620000878 3.71242775344765 4.5364181656084863 5.1795559010018533 5.6162010876561022 5.8289460598928997 5.8093093470247439 5.558073802826458 5.0852553956256195 4.4097039032525673 3.5583514318821949 2.5651387179499627 1.4696620180963846 0.31559453136799009 -0.85105471340990657 -1.9837750924226016 -3.0374086186647271 -3.9699502483778613 -4.7442224895906202 -5.3293575514032092 -5.7020279454016283 -5.8473764790065887 -5.7596085648570856 -5.4422232327225872 -4.9078736342279674
 2.22668567867006 1.4933432889053109 0.70046601472916525 -0.12033662900590036 -0.93634183108669211 -1.7150180391595722 -2.4253218900635449 -3.0389358107564894 -3.5313969505910769 -3.8830724379730968 -4.0799420809968048 -4.1141573082529268 -3.9843540666031552 -3.6957072016742516 -3.2597241530930745 -2.6937861891824881 -2.0204554706430851 -1.2665755684050792 -0.46220129516510117 0.36059948515258555 1.1690243019347104 1.9308438088682141 2.6156866662721274 3.1962503505683655 3.6493896197386855 3.9570392410849204 4.1069341950485203 4.0930986428358338 3.9160841642529727 3.5829477679595452 3.1069705508030818 2.507128222398642 1.8073346034677817 1.0354882572708108 0.22236026192860775 -0.59963253535830185 -1.3977198757103642 -2.1400845353779894 -2.7971307780473742 -3.3426642434526044 -3.7549362338583805 -4.0175107660067253 -4.1199198219027302 -4.0580806756582888 -3.8344586588894538 -3.4579688757247213
 1.2042793454311447 0.80765888768863792 0.37883961880898942 -0.065082790175024788 -0.50641055369538124 -0.92754932651081645 -1.3117096347294277 -1.6435762191504943 -1.9099186063187148 -2.1001185657496984 -2.2065934252716128 -2.2250983682361678 -2.1548956609630903 -1.9987840638539058 -1.7629872536467237 -1.4569057050646417 -1.092741923553445 -0.68501396989671937 -0.24997667094679898 0.19502640902677243 0.63225440151386525 1.044276406206742 1.4146664059889189 1.7286581204023141 1.9737336906514193 2.1401227271310859 2.221191824027839 2.2137090122767327 2.1179726079689063 1.9377993194304182 1.6803720871056091 1.3559537223886589 0.97747776171948275 0.56003284730000091 0.12026119054451447 -0.32430490037184745 -0.75594197831367727 -1.1574420350930035 -1.5127985304527272 -1.8078445223151207 -2.0308174580561018 -2.1728281103594678 -2.2282149626584067 -2.1947699159350833 -2.0738263186604051 -1.8702058103981247
 0.13386219501313401 0.089775675334829427 0.042110082784451289 -0.0072343058804923855 -0.056290285599153111 -0.10310214926524384 -0.14580365559777578 -0.18269243029166635 -0.21229783430913024 -0.23343959361724603 -0.24527485298907875 -0.24733177798179409 -0.23952836548693457 -0.22217571293557825 -0.19596561582548588 -0.16194298801769264 -0.12146420431828447 -0.076143026095168237 -0.027786265704851508 0.021678245414486118 0.070278513298807063 0.11607699863457817 0.15724786033693994 0.19214974607198626 0.21939122779473036 0.23788627359435296 0.24689754435931546 0.24606578916092789 0.2354241674541947 0.21539692711498412 0.18678249101600908 0.15072162642646075 0.10865196622088576 0.062250694993190622 0.013367684999544736 -0.036048252410863388 -0.08402705975448907 -0.12865597338842427 -0.16815577936076459 -0.2009517450562382 -0.22573639881622148 -0.24152165470780185 -0.2476782043918371 -0.24396060566054092 -0.23051706744376882 -0.20788354118668559
 -0.94189161869346627 -0.63168660989105252 -0.29629824935465238 0.05090258736032291 0.39607409854964504 0.72545538531388765 1.0259150551725176 1.2854747292435884 1.4937865824098022 1.6425458784514895 1.7258220536725726 1.7402951497601546 1.6853881700457183 1.5632900825414855 1.3788685526934528 1.1394758849208713 0.85465590944058423 0.53576349987358363 0.19551189026611643 -0.15253416143281645 -0.49449915746480116 -0.8167500325709951 -1.1064396612823544 -1.352019032270644 -1.54369767098508 -1.67383395497704 -1.7372397612725579 -1.7313873004632228 -1.6565098916929943 -1.5155926609602146 -1.3142535335641643 -1.0605192651517643 -0.76450544029983136 -0.43801319607957051 -0.094058747962187453 0.25364552561690312 0.59123775251438992 0.90525919597774995 1.1831908120080643 1.4139523441381345 1.5883440582920625 1.6994135071514092 1.7427327022900643 1.7165746440994769 1.6219821718131786 1.4627263887974173
 -1.9800951858736493 -1.327965543382954 -0.62289410531518419 0.10701015507548589 0.83264825827336741 1.5250913029874131 2.1567337701552614 2.7023940678739993 3.1403184420042223 3.4530482296996361 3.6281158812007392 3.658542001700102 3.5431135977885897 3.2864324356747647 2.8987315832878551 2.3954674501517412 1.7967035891127474 1.1263108258018726 0.41101560414562355 -0.32066551261317533 -1.0395627073026217 -1.7170158173817416 -2.3260169251785894 -2.8422870783394334 -3.2452442150424297 -3.518823705852006 -3.6521187997995948 -3.6398154421264968 -3.4824041288776475 -3.186160352372156 -2.7628944171280012 -2.2294806002904668 -1.607184427452228 -0.92081488325521366 -0.19773535546221147 0.53322725696306827 1.2429317813491449 1.9030845379108874 2.4873673194766628 2.9724866153563778 3.3391022501057788 3.5725984152899457 3.6636663556427389 3.608675479763801 3.4098181003406776 3.0750220335602241
 -2.9393586065447348 -1.971302681297775 -0.92465713895281376 0.15885156559786068 1.2360273595132503 2.263926643114734 3.2015703156888846 4.0115774829158841 4.6616557151638194 5.1258884447534561 5.3857681777271491 5.4309343292291592 5.2595862673291318 4.878555098534946 4.3030313331330392 3.5559592874797219 2.6671223665130217 1.6719556933847792 0.6101334229225851 -0.47601294172418673 -1.5431821725301078 -2.5488295999102082 -3.4528632344388104 -4.2192421079503628 -4.8174131132063467 -5.2235290598649673 -5.4213993867059287 -5.4031356282140042 -5.1694659028056433 -4.7297058850454183 -4.1013874190984474 -3.3095595794284556 -2.3857900432458417 -1.3669065868348644 -0.29352887832995378 0.79155090027002806 1.8450740423595544 2.8250399048480501 3.6923803412591956 4.4125172254442937 4.9567409723542442 5.3033550985970956 5.4385411927636653 5.3569098118839253 5.0617153415108298 4.5647262536381374


